[app/ui]
version = 7.2.0
modtime = 1618228032.442005000

[app/launcher]
version = 7.2.0
modtime = 1618228032.447030000

[views/overview]
owner = admin
version = 7.2.0
modtime = 1618478769.213954000
